14 0.553000 0.102102 0.018000 0.048048
14 0.577000 0.100601 0.018000 0.045045
14 0.678000 0.112613 0.036000 0.159159
14 0.648000 0.106607 0.032000 0.123123
14 0.619000 0.094595 0.026000 0.093093
14 0.594000 0.105105 0.024000 0.096096
14 0.566000 0.118619 0.032000 0.105105
14 0.538000 0.139640 0.024000 0.135135
14 0.514000 0.142643 0.032000 0.135135
14 0.980000 0.629129 0.040000 0.129129
14 0.952000 0.659159 0.036000 0.201201
14 0.916000 0.656156 0.040000 0.207207
14 0.875000 0.657658 0.038000 0.198198
14 0.847000 0.635135 0.034000 0.183183
0 0.598000 0.569069 0.804000 0.861862
