14 0.308000 0.439940 0.076000 0.291291
14 0.254000 0.506006 0.036000 0.159159
15 0.870000 0.725225 0.260000 0.513514
15 0.768000 0.597598 0.180000 0.444444
15 0.776000 0.375375 0.076000 0.216216
0 0.271000 0.205706 0.058000 0.231231
0 0.330000 0.192192 0.068000 0.252252
0 0.446000 0.156156 0.088000 0.204204
0 0.531000 0.165165 0.090000 0.192192
0 0.754000 0.264264 0.076000 0.144144
0 0.683000 0.566066 0.238000 0.597598
0 0.551000 0.390390 0.134000 0.270270
0 0.243000 0.609610 0.354000 0.780781
0 0.483000 0.388889 0.086000 0.285285
0 0.436000 0.378378 0.084000 0.294294
