14 0.352000 0.481333 0.032000 0.168000
14 0.604000 0.884000 0.056000 0.232000
19 0.914000 0.410667 0.172000 0.288000
0 0.771000 0.606667 0.458000 0.786667
0 0.269000 0.674667 0.414000 0.650667
14 0.753000 0.040000 0.018000 0.074667
14 0.772000 0.040000 0.016000 0.074667
14 0.788000 0.041333 0.016000 0.077333
14 0.802000 0.040000 0.016000 0.074667
14 0.820000 0.040000 0.016000 0.074667
14 0.837000 0.040000 0.018000 0.074667
14 0.852000 0.040000 0.016000 0.074667
14 0.867000 0.040000 0.014000 0.074667
14 0.932000 0.042667 0.020000 0.080000
14 0.917000 0.041333 0.022000 0.077333
14 0.884000 0.040000 0.016000 0.074667
14 0.896000 0.038667 0.024000 0.072000
18 0.295000 0.700000 0.586000 0.600000
