0 0.691000 0.576000 0.266000 0.773333
0 0.249000 0.606667 0.294000 0.712000
0 0.743000 0.230667 0.038000 0.168000
0 0.812000 0.230667 0.036000 0.109333
0 0.829000 0.252000 0.034000 0.088000
0 0.861000 0.276000 0.046000 0.109333
16 0.447000 0.733333 0.410000 0.501333
16 0.852000 0.477333 0.172000 0.160000
16 0.919000 0.390667 0.162000 0.104000
16 0.787000 0.337333 0.126000 0.104000
0 0.986000 0.301333 0.028000 0.133333
15 0.826000 0.700000 0.296000 0.584000
15 0.155000 0.712000 0.306000 0.570667
15 0.817000 0.782667 0.366000 0.434667
15 0.052000 0.785333 0.100000 0.429333
