15 0.172000 0.724000 0.340000 0.541333
15 0.410000 0.482667 0.120000 0.192000
15 0.712000 0.450667 0.120000 0.170667
15 0.640000 0.761333 0.284000 0.477333
15 0.754000 0.725333 0.172000 0.538667
15 0.821000 0.408000 0.054000 0.112000
16 0.427000 0.724000 0.726000 0.541333
16 0.913000 0.489333 0.170000 0.232000
19 0.095000 0.322667 0.186000 0.282667
0 0.655000 0.333333 0.118000 0.336000
17 0.065000 0.092000 0.118000 0.178667
17 0.505000 0.522667 0.150000 0.192000
14 0.259000 0.656000 0.046000 0.208000
