15 0.962667 0.714000 0.074667 0.344000
15 0.290667 0.945000 0.576000 0.110000
15 0.092000 0.705000 0.178667 0.194000
15 0.202667 0.612000 0.176000 0.172000
15 0.332000 0.580000 0.146667 0.124000
15 0.742667 0.533000 0.194667 0.058000
0 0.464000 0.431000 0.282667 0.318000
14 0.710667 0.429000 0.024000 0.046000
14 0.665333 0.452000 0.024000 0.076000
14 0.632000 0.441000 0.032000 0.082000
14 0.606667 0.425000 0.024000 0.034000
14 0.580000 0.436000 0.029333 0.064000
16 0.466667 0.773000 0.928000 0.454000
