18 0.508000 0.483384 0.588000 0.531722
18 0.181000 0.670695 0.358000 0.658610
16 0.646000 0.521148 0.172000 0.323263
16 0.805000 0.915408 0.390000 0.169184
16 0.886000 0.717523 0.228000 0.232628
16 0.947000 0.577039 0.106000 0.072508
16 0.094000 0.652568 0.184000 0.277946
0 0.222000 0.620846 0.192000 0.703927
15 0.586000 0.845921 0.176000 0.308157
15 0.749000 0.734139 0.134000 0.392749
15 0.941000 0.487915 0.110000 0.172205
15 0.985000 0.353474 0.030000 0.145015
15 0.738000 0.169184 0.048000 0.096677
15 0.654000 0.141994 0.044000 0.096677
15 0.867000 0.157100 0.050000 0.060423
15 0.747000 0.143505 0.046000 0.075529
