0 0.959459 0.381000 0.045045 0.094000
0 0.813814 0.409000 0.078078 0.050000
0 0.690691 0.413000 0.060060 0.054000
0 0.609610 0.396000 0.060060 0.088000
0 0.346847 0.392000 0.063063 0.100000
0 0.402402 0.401000 0.054054 0.090000
0 0.285285 0.400000 0.054054 0.104000
0 0.235736 0.394000 0.063063 0.116000
0 0.147147 0.403000 0.048048 0.106000
0 0.106607 0.410000 0.045045 0.124000
0 0.027027 0.433000 0.036036 0.098000
0 0.058559 0.422000 0.045045 0.064000
0 0.875375 0.513000 0.165165 0.166000
0 0.518018 0.540000 0.105105 0.080000
0 0.717718 0.757000 0.258258 0.054000
0 0.346847 0.480000 0.123123 0.120000
0 0.408408 0.459000 0.090090 0.078000
0 0.214715 0.529000 0.123123 0.110000
0 0.277778 0.598000 0.135135 0.160000
8 0.528529 0.750000 0.192192 0.080000
8 0.650150 0.605000 0.171171 0.026000
8 0.274775 0.665000 0.093093 0.134000
8 0.403904 0.543000 0.057057 0.106000
8 0.334835 0.550000 0.099099 0.112000
8 0.866366 0.583000 0.195195 0.070000
