18 0.575000 0.669333 0.850000 0.602667
0 0.280000 0.429333 0.292000 0.533333
14 0.217000 0.817333 0.050000 0.200000
14 0.251000 0.802667 0.038000 0.176000
14 0.265000 0.765333 0.038000 0.170667
14 0.316000 0.780000 0.052000 0.178667
14 0.327000 0.729333 0.038000 0.178667
14 0.223000 0.692000 0.030000 0.066667
14 0.184000 0.670667 0.032000 0.072000
14 0.145000 0.661333 0.034000 0.080000
14 0.095000 0.605333 0.038000 0.181333
14 0.086000 0.661333 0.040000 0.085333
14 0.036000 0.693333 0.032000 0.181333
