8 0.293000 0.436937 0.126000 0.381381
8 0.397000 0.578078 0.142000 0.411411
8 0.597000 0.614114 0.154000 0.369369
8 0.730000 0.390390 0.112000 0.330330
8 0.495000 0.453453 0.122000 0.306306
8 0.825000 0.265766 0.074000 0.249249
0 0.756000 0.270270 0.176000 0.450450
0 0.862000 0.180180 0.120000 0.354354
0 0.610000 0.474474 0.196000 0.498498
0 0.421000 0.439940 0.182000 0.579580
0 0.533000 0.292793 0.114000 0.453453
0 0.614000 0.154655 0.104000 0.267267
0 0.434000 0.076577 0.152000 0.147147
0 0.347000 0.250751 0.186000 0.363363
0 0.559000 0.036036 0.150000 0.066066
