15 0.689333 0.557000 0.168000 0.130000
16 0.229333 0.600000 0.314667 0.060000
18 0.404000 0.577000 0.232000 0.118000
15 0.296000 0.557000 0.090667 0.050000
15 0.292000 0.664000 0.168000 0.232000
15 0.098667 0.695000 0.192000 0.238000
0 0.132000 0.504000 0.056000 0.044000
0 0.169333 0.636000 0.280000 0.260000
15 0.564000 0.603000 0.221333 0.134000
14 0.160000 0.560000 0.037333 0.068000
14 0.185333 0.557000 0.029333 0.062000
14 0.206667 0.562000 0.024000 0.068000
14 0.220000 0.555000 0.024000 0.074000
